                    151        152        153        154        155
                   -0.3059    -0.2839    -0.2086    -0.0051     0.0879
                     A          A          A          A          A   
    1  C  1  S   -0.000552   0.000039   0.000127   0.000087   0.000057
    2  C  1  S    0.000320  -0.000033  -0.000142  -0.000141  -0.000055
    3  C  1  X    0.001930  -0.000242  -0.002164  -0.002457  -0.000158
    4  C  1  Y   -0.000092   0.000879   0.005326   0.006071   0.000584
    5  C  1  Z   -0.026629   0.008559   0.060771   0.069009   0.005197
    6  C  1  S    0.007541  -0.001075  -0.001309  -0.000253  -0.000649
    7  C  1  X    0.004710  -0.000880  -0.003705  -0.002608   0.000118
    8  C  1  Y   -0.001035   0.002030   0.008908   0.009687   0.001754
    9  C  1  Z   -0.027450   0.018626   0.097662   0.100328   0.004754
   10  C  2  S   -0.000473   0.000019   0.000062  -0.000018  -0.000020
   11  C  2  S    0.000350   0.000030  -0.000021  -0.000024  -0.000043
   12  C  2  X    0.003800   0.004270   0.002508  -0.002241  -0.004425
   13  C  2  Y   -0.007291  -0.012912  -0.007732   0.006648   0.013132
   14  C  2  Z   -0.077162  -0.141703  -0.084941   0.073266   0.143538
   15  C  2  S    0.003801  -0.000241  -0.000520   0.000306   0.000365
   16  C  2  X    0.003086   0.005533   0.003483  -0.003656  -0.008859
   17  C  2  Y   -0.010115  -0.016858  -0.011273   0.011434   0.025357
   18  C  2  Z   -0.098242  -0.184742  -0.121727   0.125975   0.278157
   19  C  3  S    0.000133  -0.000026  -0.000021  -0.000024  -0.000043
   20  C  3  S   -0.000066   0.000053   0.000048   0.000022   0.000069
   21  C  3  X    0.000571   0.002874   0.002232   0.002192   0.002971
   22  C  3  Y   -0.003209  -0.008861  -0.006969  -0.006824  -0.009128
   23  C  3  Z   -0.034917  -0.095252  -0.074722  -0.073234  -0.098133
   24  C  3  S   -0.001784   0.000194   0.000054   0.000180   0.000042
   25  C  3  X    0.000208   0.004031   0.003443   0.003565   0.005219
   26  C  3  Y   -0.004719  -0.012516  -0.010920  -0.011008  -0.017196
   27  C  3  Z   -0.048841  -0.134347  -0.116780  -0.117596  -0.181852
   28  C  4  S   -0.000106  -0.000007  -0.000005  -0.000008   0.000054
   29  C  4  S    0.000072   0.000015   0.000024   0.000020  -0.000038
   30  C  4  X   -0.001436  -0.002717  -0.002060   0.002107   0.002681
   31  C  4  Y    0.005375   0.008850   0.006817  -0.006822  -0.009117
   32  C  4  Z    0.060468   0.094530   0.073035  -0.073034  -0.098685
   33  C  4  S    0.000249   0.000102  -0.000119   0.000018  -0.000453
   34  C  4  X   -0.001793  -0.003909  -0.003365   0.003334   0.005160
   35  C  4  Y    0.007436   0.012270   0.010598  -0.011044  -0.017137
   36  C  4  Z    0.080557   0.133463   0.114439  -0.117124  -0.182845
   37  C  5  S   -0.000152   0.000006   0.000063   0.000077  -0.000029
   38  C  5  S    0.000162  -0.000043  -0.000116  -0.000127  -0.000033
   39  C  5  X   -0.001700  -0.003866  -0.002540  -0.002237  -0.003919
   40  C  5  Y    0.007786   0.013005   0.007696   0.006597   0.013095
   41  C  5  Z    0.076044   0.141952   0.085825   0.073271   0.143373
   42  C  5  S   -0.000168   0.000609   0.000489   0.000065   0.000878
   43  C  5  X   -0.002760  -0.004679  -0.003475  -0.003515  -0.007361
   44  C  5  Y    0.010415   0.017070   0.011312   0.011419   0.025453
   45  C  5  Z    0.096759   0.185023   0.123110   0.125984   0.277739
   46  C  6  S    0.000637   0.000097  -0.000101  -0.000159  -0.000038
   47  C  6  S   -0.000540  -0.000111   0.000052   0.000165  -0.000010
   48  C  6  X   -0.000213  -0.000016   0.001881  -0.001496  -0.000238
   49  C  6  Y   -0.002849  -0.000703  -0.005266   0.006047   0.000583
   50  C  6  Z   -0.005732  -0.007401  -0.058341   0.068694   0.005970
   51  C  6  S   -0.002821  -0.000750   0.000594   0.000306   0.000654
   52  C  6  X    0.000031   0.000657   0.003601  -0.002461   0.000297
   53  C  6  Y   -0.005349  -0.000390  -0.007688   0.010136   0.002187
   54  C  6  Z   -0.009278  -0.017263  -0.094790   0.099557   0.006311
   55  C  7  S    0.000690  -0.000256   0.000120   0.000235  -0.000158
   56  C  7  S   -0.000647   0.000283   0.000014  -0.000098   0.000128
   57  C  7  X   -0.000935   0.004145   0.003355   0.002685   0.003955
   58  C  7  Y   -0.006231  -0.012357  -0.012823  -0.011659  -0.012303
   59  C  7  Z   -0.051427  -0.137571  -0.145126  -0.129936  -0.138638
   60  C  7  S   -0.001884   0.000674  -0.002248  -0.003754   0.000351
   61  C  7  X    0.001821   0.003594   0.003929   0.002665   0.006143
   62  C  7  Y   -0.007862  -0.016687  -0.018686  -0.019030  -0.024440
   63  C  7  Z   -0.062469  -0.174332  -0.204155  -0.216435  -0.260419
   64  C  8  S   -0.001198  -0.000048   0.000270   0.000199   0.000116
   65  C  8  S    0.001180  -0.000096  -0.000497  -0.000235  -0.000180
   66  C  8  X    0.003692   0.002749  -0.001097   0.001461  -0.002605
   67  C  8  Y   -0.000159  -0.007276   0.002597  -0.002950   0.008020
   68  C  8  Z   -0.039708  -0.087523   0.022157  -0.042996   0.096428
   69  C  8  S    0.006528   0.002433   0.000693  -0.003217   0.000166
   70  C  8  X    0.003865   0.002526  -0.001384   0.000013  -0.006055
   71  C  8  Y    0.005476  -0.011284  -0.000449  -0.013411   0.010868
   72  C  8  Z   -0.050825  -0.122977   0.030777  -0.070465   0.160857
   73  C  9  S    0.003693  -0.000137  -0.000643  -0.000706  -0.000166
   74  C  9  S   -0.003325   0.000067   0.000485   0.000479   0.000142
   75  C  9  X   -0.013990  -0.002430   0.001633   0.002028  -0.003151
   76  C  9  Y   -0.000629   0.007343  -0.003267  -0.004644   0.008332
   77  C  9  Z    0.083817   0.086168  -0.025858  -0.043745   0.097205
   78  C  9  S   -0.022604   0.001868   0.005906   0.009243   0.001472
   79  C  9  X   -0.017294  -0.002081   0.000544   0.005231  -0.005074
   80  C  9  Y    0.008770   0.011143  -0.004660  -0.013700   0.012154
   81  C  9  Z    0.105828   0.121322  -0.036279  -0.071376   0.162722
   82  C 10  S    0.001605  -0.000010  -0.000001  -0.000016  -0.000016
   83  C 10  S   -0.001368  -0.000160  -0.000020  -0.000014   0.000089
   84  C 10  X   -0.001982  -0.004759  -0.005048   0.004209   0.004656
   85  C 10  Y   -0.003595   0.012272   0.013483  -0.010922  -0.012301
   86  C 10  Z    0.055215   0.137119   0.142841  -0.130088  -0.139052
   87  C 10  S   -0.012742   0.000952  -0.000906   0.001872   0.000287
   88  C 10  X    0.002715  -0.006029  -0.008100   0.008575   0.009478
   89  C 10  Y   -0.001250   0.014956   0.018870  -0.017258  -0.022759
   90  C 10  Z    0.060271   0.173700   0.201626  -0.216478  -0.261056
   91  C 11  S    0.000332  -0.000022  -0.000552  -0.000570  -0.000078
   92  C 11  S   -0.000100   0.000024   0.000973   0.001410   0.000160
   93  C 11  X    0.000352   0.000119  -0.006760  -0.006982  -0.000043
   94  C 11  Y   -0.002239  -0.000086   0.008960   0.009312  -0.000113
   95  C 11  Z   -0.060960   0.000473   0.179555   0.183032  -0.000597
   96  C 11  S   -0.004392   0.000197  -0.002986  -0.006862  -0.000422
   97  C 11  X   -0.004301   0.002470  -0.007680  -0.009071   0.002619
   98  C 11  Y   -0.002040   0.002256   0.017104   0.028032   0.003251
   99  C 11  Z   -0.074987   0.000732   0.253690   0.309388  -0.000869
  100  C 12  S    0.000893   0.000007   0.000127   0.000341   0.000055
  101  C 12  S   -0.000798   0.000231  -0.000162  -0.000315   0.000059
  102  C 12  X    0.002942  -0.003293  -0.000129   0.002084   0.004004
  103  C 12  Y   -0.008356   0.007492   0.003900  -0.002567  -0.007943
  104  C 12  Z   -0.040567   0.088242   0.021852  -0.043539  -0.095677
  105  C 12  S   -0.004256  -0.003399  -0.001679  -0.005274  -0.001369
  106  C 12  X    0.002012  -0.002829  -0.001342   0.005788   0.008662
  107  C 12  Y   -0.015226   0.010251   0.002566  -0.009785  -0.011909
  108  C 12  Z   -0.050995   0.123958   0.030317  -0.071091  -0.159649
  109  C 13  S   -0.003577   0.000183   0.000074  -0.000428   0.000198
  110  C 13  S    0.003381  -0.000224  -0.000171   0.000368  -0.000210
  111  C 13  X   -0.014084   0.003253   0.001877   0.001548   0.003125
  112  C 13  Y    0.017267  -0.007690  -0.005293  -0.005670  -0.008764
  113  C 13  Z    0.079954  -0.086079  -0.025668  -0.043847  -0.096103
  114  C 13  S    0.020981  -0.001038   0.001523   0.004887  -0.000659
  115  C 13  X   -0.014171   0.003593   0.006295  -0.001204   0.004699
  116  C 13  Y    0.013543  -0.012785  -0.006788  -0.012561  -0.012945
  117  C 13  Z    0.102675  -0.121153  -0.035793  -0.072203  -0.160330
  118  C 14  S    0.000071   0.000027  -0.000434   0.000415  -0.000024
  119  C 14  S    0.000139  -0.000045   0.000483  -0.000856   0.000064
  120  C 14  X    0.007376  -0.000054   0.005232  -0.006028   0.000553
  121  C 14  Y    0.004708   0.000009  -0.014974   0.015386  -0.000114
  122  C 14  Z    0.053451  -0.000240  -0.175394   0.183592  -0.000561
  123  C 14  S   -0.002791  -0.000690   0.002358   0.004908   0.000075
  124  C 14  X    0.005755   0.001664   0.008980  -0.010509  -0.000853
  125  C 14  Y    0.001664   0.001167  -0.023780   0.037646   0.000138
  126  C 14  Z    0.069810  -0.000215  -0.247078   0.309184  -0.001251
  127  C 15  S   -0.000940   0.000260   0.000274   0.000241   0.000067
  128  C 15  S    0.000973  -0.000201  -0.000199  -0.000058   0.000036
  129  C 15  X   -0.001404  -0.004308   0.006052   0.005276  -0.004912
  130  C 15  Y   -0.002019   0.012615  -0.013468  -0.011993   0.012724
  131  C 15  Z   -0.051289   0.136989  -0.144679  -0.129441   0.137995
  132  C 15  S    0.003280  -0.002546  -0.001529  -0.003989  -0.001640
  133  C 15  X    0.001457  -0.006476   0.007601   0.008772  -0.008669
  134  C 15  Y   -0.001390   0.015559  -0.018277  -0.019976   0.022758
  135  C 15  Z   -0.062174   0.173472  -0.203732  -0.215968   0.259354
  136  C 16  S   -0.000555  -0.000129   0.000025  -0.000085   0.000119
  137  C 16  S    0.000485   0.000115  -0.000041   0.000033  -0.000093
  138  C 16  X   -0.000036  -0.000446   0.001610  -0.002565   0.000460
  139  C 16  Y    0.001474   0.000662  -0.005724   0.006151  -0.000494
  140  C 16  Z   -0.004520   0.006738  -0.058138   0.068468  -0.005500
  141  C 16  S    0.001512   0.001445  -0.000385   0.001253  -0.001035
  142  C 16  X    0.001026  -0.001544   0.003406  -0.004261  -0.000308
  143  C 16  Y    0.002395   0.000899  -0.009862   0.009740  -0.000773
  144  C 16  Z   -0.007993   0.016229  -0.094100   0.099695  -0.005766
  145  C 17  S    0.000578  -0.000053   0.000020   0.000054  -0.000001
  146  C 17  S   -0.000395   0.000061  -0.000123  -0.000069   0.000024
  147  C 17  X    0.001493   0.000250  -0.001621  -0.001827   0.000337
  148  C 17  Y   -0.003971  -0.001013   0.005980   0.006559  -0.000789
  149  C 17  Z   -0.024695  -0.008835   0.060945   0.069376  -0.006356
  150  C 17  S   -0.007007   0.000933   0.001445  -0.000221  -0.000388
  151  C 17  X    0.003308   0.001181  -0.004954  -0.002051   0.000523
  152  C 17  Y   -0.004677  -0.001653   0.008653   0.010733  -0.001626
  153  C 17  Z   -0.025258  -0.019063   0.098106   0.100386  -0.006581
  154  C 18  S   -0.001763   0.000069   0.000303   0.000330  -0.000103
  155  C 18  S    0.001564  -0.000120  -0.000082  -0.000430   0.000113
  156  C 18  X   -0.001599   0.003676  -0.003437   0.003980  -0.003922
  157  C 18  Y    0.012834  -0.013054   0.013067  -0.012114   0.013055
  158  C 18  Z    0.053383  -0.137669   0.143666  -0.129865   0.138755
  159  C 18  S    0.012120   0.000551  -0.004653   0.000043   0.000806
  160  C 18  X    0.004280   0.003918  -0.005156   0.004325  -0.006551
  161  C 18  Y    0.013296  -0.016487   0.021585  -0.021794   0.024301
  162  C 18  Z    0.058709  -0.174430   0.202404  -0.215509   0.260329
  163  C 19  S    0.000073  -0.000000   0.000028   0.000018   0.000019
  164  C 19  S   -0.000089   0.000012  -0.000056  -0.000081   0.000022
  165  C 19  X   -0.002271   0.004459  -0.002572  -0.002153   0.004344
  166  C 19  Y    0.006534  -0.013562   0.008057   0.006841  -0.013441
  167  C 19  Z    0.075700  -0.142159   0.085973   0.073312  -0.142623
  168  C 19  S    0.000235   0.000058  -0.000366   0.000559   0.000021
  169  C 19  X   -0.002924   0.005964  -0.003107  -0.003768   0.008219
  170  C 19  Y    0.007829  -0.017486   0.011742   0.011993  -0.025492
  171  C 19  Z    0.096353  -0.185154   0.123169   0.125799  -0.276195
  172  C 20  S    0.000100   0.000006  -0.000013   0.000003  -0.000039
  173  C 20  S   -0.000062  -0.000013   0.000027   0.000015   0.000048
  174  C 20  X   -0.001375   0.002730  -0.002164   0.002128  -0.002982
  175  C 20  Y    0.005973  -0.009203   0.007115  -0.007063   0.009404
  176  C 20  Z    0.058778  -0.094249   0.073064  -0.072496   0.097253
  177  C 20  S   -0.000262  -0.000258  -0.000113  -0.000264   0.000124
  178  C 20  X   -0.001651   0.003945  -0.003347   0.003539  -0.005188
  179  C 20  Y    0.007790  -0.012817   0.011330  -0.011450   0.017460
  180  C 20  Z    0.078415  -0.133027   0.114434  -0.116155   0.180122
  181  C 21  S   -0.000157   0.000021   0.000003  -0.000034   0.000077
  182  C 21  S    0.000111  -0.000034   0.000018   0.000017  -0.000074
  183  C 21  X    0.000490  -0.002640   0.002157   0.002007  -0.002644
  184  C 21  Y   -0.003509   0.009370  -0.007375  -0.007184   0.009618
  185  C 21  Z   -0.035987   0.095949  -0.074988  -0.073618   0.098664
  186  C 21  S    0.001835  -0.000084  -0.000423   0.000330  -0.000421
  187  C 21  X    0.000173  -0.003919   0.003600   0.003164  -0.005171
  188  C 21  Y   -0.004459   0.013104  -0.011351  -0.011682   0.017868
  189  C 21  Z   -0.050227   0.135285  -0.117167  -0.118235   0.182815
  190  C 22  S    0.000437  -0.000037  -0.000025  -0.000045   0.000020
  191  C 22  S   -0.000334   0.000107  -0.000077   0.000109  -0.000084
  192  C 22  X    0.003448  -0.003942   0.002185  -0.002101   0.003872
  193  C 22  Y   -0.007268   0.013686  -0.008176   0.006888  -0.013745
  194  C 22  Z   -0.076760   0.142151  -0.085188   0.072859  -0.142655
  195  C 22  S   -0.002873  -0.000561   0.001536  -0.000581   0.000119
  196  C 22  X    0.002377  -0.004903   0.003000  -0.003285   0.007346
  197  C 22  Y   -0.008473   0.018061  -0.012453   0.012011  -0.026608
  198  C 22  Z   -0.097876   0.185325  -0.122122   0.125369  -0.276422
  199  C 23  S    0.000092  -0.000016   0.000352   0.000844  -0.000068
  200  C 23  S   -0.000109   0.000086  -0.000654  -0.001389   0.000314
  201  C 23  X   -0.002356   0.002725   0.001679   0.000044   0.000204
  202  C 23  Y    0.000761   0.000015  -0.000593   0.000041  -0.000066
  203  C 23  Z    0.048862  -0.000785  -0.021965   0.025759  -0.000535
  204  C 23  S   -0.003952  -0.001538   0.001846  -0.000666  -0.002379
  205  C 23  X   -0.001499   0.001086   0.001533  -0.000677  -0.001963
  206  C 23  Y    0.005235   0.003039   0.004689   0.016026   0.004884
  207  C 23  Z    0.049508  -0.001267  -0.036732   0.022885  -0.001423
  208  C 24  S    0.000697  -0.000021  -0.000794  -0.001090  -0.000009
  209  C 24  S   -0.000558   0.000110   0.000699   0.000856   0.000225
  210  C 24  X   -0.002281   0.003461   0.003471   0.003200   0.000927
  211  C 24  Y    0.004365  -0.000060  -0.005864  -0.005770   0.000085
  212  C 24  Z    0.065272  -0.000956  -0.092265  -0.090157   0.000314
  213  C 24  S   -0.000783   0.001499   0.007709   0.016722   0.002256
  214  C 24  X   -0.003628   0.004867   0.005871   0.006877   0.002367
  215  C 24  Y    0.009343   0.002738  -0.005927  -0.002452   0.004273
  216  C 24  Z    0.076382  -0.001132  -0.121152  -0.139076   0.000686
  217  SI25  S    0.000049  -0.000005  -0.000075  -0.000164  -0.000001
  218  SI25  S   -0.000316  -0.000048   0.000448   0.001030  -0.000095
  219  SI25  X   -0.000290   0.000140  -0.000208  -0.000581  -0.000131
  220  SI25  Y    0.000405  -0.000017  -0.000270  -0.000070  -0.000103
  221  SI25  Z    0.006916  -0.000173  -0.001317   0.004677  -0.000127
  222  SI25  S    0.000050  -0.000444  -0.000123  -0.000076  -0.000574
  223  SI25  X    0.000055  -0.000112   0.001304   0.002607   0.000518
  224  SI25  Y   -0.000578   0.000055   0.000788   0.000940   0.000292
  225  SI25  Z   -0.012869   0.000361   0.002865  -0.008850   0.000330
  226  SI25  S    0.004304   0.002890  -0.001822  -0.004002   0.003951
  227  SI25  X    0.004209  -0.002128  -0.007326  -0.009839  -0.003963
  228  SI25  Y    0.002062   0.002215  -0.001348  -0.002648   0.003693
  229  SI25  Z    0.005534  -0.000775  -0.029337  -0.066570  -0.000317
  230  C 26  S    0.002332   0.000095  -0.003264  -0.004520   0.000092
  231  C 26  S   -0.000524  -0.000038   0.000627   0.000740  -0.000038
  232  C 26  X    0.008431   0.000324  -0.008578  -0.008714   0.000136
  233  C 26  Y   -0.005103  -0.000150   0.006135   0.006329  -0.000140
  234  C 26  Z    0.007793   0.000249  -0.005405  -0.003897   0.000057
  235  C 26  S   -0.017943  -0.000599   0.027965   0.043615  -0.000820
  236  C 26  X    0.017323   0.000279  -0.024071  -0.032808  -0.000185
  237  C 26  Y   -0.004278   0.000018   0.002445  -0.000617   0.000718
  238  C 26  Z    0.010443  -0.000033  -0.005820  -0.002845  -0.001089
  239  C 27  S   -0.000918  -0.000028   0.001187   0.001553  -0.000055
  240  C 27  S    0.000652  -0.000035  -0.000678  -0.000680  -0.000060
  241  C 27  X   -0.002217  -0.000080   0.001632   0.000688  -0.000046
  242  C 27  Y    0.004173   0.000090  -0.004970  -0.005483   0.000083
  243  C 27  Z   -0.002179  -0.000035   0.001301   0.000952   0.000012
  244  C 27  S    0.005422   0.000396  -0.009552  -0.015586   0.001109
  245  C 27  X   -0.003474  -0.000454   0.003390   0.001721  -0.000416
  246  C 27  Y    0.004712   0.000393  -0.006972  -0.010299   0.000818
  247  C 27  Z   -0.002747  -0.000161   0.000925   0.000032  -0.000047
  248  C 28  S   -0.000147   0.000080  -0.000008   0.000035   0.000236
  249  C 28  S    0.000439   0.000006  -0.001015  -0.001520   0.000036
  250  C 28  X   -0.001853   0.000019   0.001691   0.001704   0.000110
  251  C 28  Y    0.000137  -0.000511   0.000991   0.001609  -0.000669
  252  C 28  Z   -0.001776  -0.000042   0.000871   0.000211  -0.000050
  253  C 28  S   -0.001868  -0.000999   0.007948   0.011721  -0.003445
  254  C 28  X   -0.000651  -0.000246  -0.001433  -0.004205  -0.000114
  255  C 28  Y    0.001051  -0.001221   0.001680   0.003561  -0.003087
  256  C 28  Z   -0.002835   0.000468   0.000987  -0.000331   0.001424
  257  C 29  S    0.001500  -0.000157  -0.001931  -0.002582   0.000012
  258  C 29  S   -0.000324   0.000137   0.000426   0.000468   0.000123
  259  C 29  X   -0.008259   0.000845   0.007643   0.007617   0.000126
  260  C 29  Y   -0.001118   0.000302   0.001564   0.001632   0.000117
  261  C 29  Z    0.003550  -0.000487  -0.001861  -0.000913  -0.000196
  262  C 29  S   -0.010891   0.000838   0.015243   0.023516  -0.000484
  263  C 29  X   -0.014500   0.000556   0.016677   0.022087  -0.001279
  264  C 29  Y    0.000921  -0.001377  -0.004556  -0.007847  -0.002754
  265  C 29  Z    0.000950   0.000330   0.006570   0.012988   0.001068
  266  C 30  S   -0.000244   0.000027   0.000300   0.000478  -0.000091
  267  C 30  S   -0.000023   0.000016   0.000174   0.000262   0.000150
  268  C 30  X    0.002122  -0.000222  -0.001592  -0.001132   0.000024
  269  C 30  Y    0.000870  -0.000186  -0.001336  -0.002003   0.000028
  270  C 30  Z   -0.000728   0.000106   0.000255   0.000157   0.000028
  271  C 30  S    0.002387  -0.000982  -0.004371  -0.006642  -0.000746
  272  C 30  X    0.004344  -0.000349  -0.005051  -0.005853  -0.000170
  273  C 30  Y    0.001429  -0.000549  -0.003326  -0.006497  -0.000793
  274  C 30  Z   -0.000972   0.000140  -0.000306  -0.001431  -0.000095
  275  C 31  S    0.000107  -0.000179  -0.001412  -0.002667  -0.000535
  276  C 31  S   -0.000075  -0.000182   0.000936   0.002109  -0.000221
  277  C 31  X    0.000667  -0.000011   0.001366   0.002459   0.000159
  278  C 31  Y   -0.005002   0.000807   0.006730   0.006692   0.001054
  279  C 31  Z   -0.002399   0.000084   0.000081  -0.001113   0.000007
  280  C 31  S   -0.000902   0.002954   0.009054   0.017036   0.008129
  281  C 31  X    0.002154   0.000325  -0.000072  -0.000529   0.001703
  282  C 31  Y   -0.007715   0.003496   0.015585   0.019356   0.007033
  283  C 31  Z   -0.003725   0.000819   0.003490   0.003918   0.001500
  284  C 32  S   -0.004172   0.000176   0.005581   0.007183   0.000069
  285  C 32  S    0.001290   0.000044  -0.001504  -0.001475   0.000114
  286  C 32  X   -0.000160  -0.000265   0.000866   0.001080  -0.000321
  287  C 32  Y    0.007389  -0.000473  -0.008569  -0.008341  -0.000150
  288  C 32  Z    0.022580  -0.000429  -0.019142  -0.016598   0.000211
  289  C 32  S    0.029676  -0.001848  -0.043778  -0.065488  -0.001406
  290  C 32  X   -0.000218   0.000535   0.002051   0.003432   0.000952
  291  C 32  Y    0.002234  -0.001354   0.001974   0.009884  -0.001660
  292  C 32  Z    0.036435  -0.000866  -0.040898  -0.048568   0.000698
  293  C 33  S   -0.000773  -0.000261   0.002296   0.003108  -0.000668
  294  C 33  S    0.000527  -0.000373  -0.001170  -0.001649  -0.000313
  295  C 33  X   -0.001511   0.000085   0.002414   0.002465   0.000115
  296  C 33  Y    0.007870   0.000766  -0.009610  -0.008093   0.001262
  297  C 33  Z   -0.002331   0.000314  -0.001722  -0.002954   0.000301
  298  C 33  S    0.007495   0.004711  -0.021577  -0.031342   0.010212
  299  C 33  X   -0.003266  -0.001161   0.006785   0.009303  -0.001989
  300  C 33  Y    0.008093   0.003711  -0.011833  -0.009783   0.006168
  301  C 33  Z   -0.006165   0.000174   0.003707   0.003707  -0.000184
  302  C 34  S    0.001391  -0.000125  -0.001780  -0.002429  -0.000160
  303  C 34  S   -0.000898   0.000042   0.000939   0.000932   0.000064
  304  C 34  X    0.001607  -0.000022  -0.002053  -0.002210  -0.000045
  305  C 34  Y   -0.006205   0.000405   0.007357   0.008291   0.000134
  306  C 34  Z   -0.007066   0.000132   0.005160   0.003541  -0.000006
  307  C 34  S   -0.009460   0.000289   0.014880   0.024517   0.000644
  308  C 34  X    0.002265   0.000115  -0.003594  -0.004892  -0.000239
  309  C 34  Y   -0.007434   0.000654   0.010793   0.016947   0.000238
  310  C 34  Z   -0.009369   0.000124   0.007740   0.005211  -0.000042
  311  C 35  S    0.000895  -0.000010  -0.000292  -0.000114  -0.000082
  312  C 35  S   -0.001055   0.000002   0.000284   0.000033   0.000084
  313  C 35  X   -0.065715   0.000542   0.005631   0.001636  -0.000173
  314  C 35  Y   -0.014571  -0.000107   0.003291   0.000614   0.000018
  315  C 35  Z   -0.177221  -0.000151   0.033262   0.026847  -0.000262
  316  C 35  S   -0.007897  -0.001096   0.000711   0.007302   0.003150
  317  C 35  X   -0.076225   0.000002   0.006609   0.004281   0.000230
  318  C 35  Y   -0.023175   0.000072   0.000328   0.018981   0.001613
  319  C 35  Z   -0.196939  -0.000303   0.050654   0.025145  -0.000597
  320  C 36  S   -0.000630   0.000003   0.000518  -0.000455   0.000046
  321  C 36  S    0.000620   0.000031  -0.000497   0.000358  -0.000027
  322  C 36  X   -0.039307   0.000670  -0.000465   0.001201  -0.000268
  323  C 36  Y   -0.011272   0.000107   0.007124  -0.006822  -0.000136
  324  C 36  Z   -0.137094  -0.000196   0.095738  -0.096762   0.000665
  325  C 36  S    0.006462  -0.000749   0.000293  -0.008561  -0.000040
  326  C 36  X   -0.043415   0.001043  -0.001459   0.001125  -0.000486
  327  C 36  Y   -0.020198  -0.001140   0.007230   0.003426   0.003921
  328  C 36  Z   -0.154374   0.000161   0.124753  -0.148124   0.000390
  329  C 37  S   -0.000440   0.000011  -0.000041   0.000280  -0.000058
  330  C 37  S    0.000368   0.000098   0.000175  -0.000217  -0.000142
  331  C 37  X    0.074394  -0.000164  -0.005875  -0.008240   0.000220
  332  C 37  Y    0.012996   0.000025  -0.002316   0.000224  -0.000202
  333  C 37  Z    0.164943  -0.000100  -0.023899  -0.009358   0.000368
  334  C 37  S    0.004549  -0.001211  -0.000448  -0.005391   0.002618
  335  C 37  X    0.097074  -0.000226  -0.009273  -0.008918  -0.000209
  336  C 37  Y    0.012079  -0.002126  -0.003367   0.004542   0.005210
  337  C 37  Z    0.216257  -0.000109  -0.036485  -0.021023   0.000714
  338  C 38  S   -0.001420   0.000021   0.002841  -0.003564  -0.000177
  339  C 38  S    0.001326   0.000017  -0.002519   0.002848   0.000083
  340  C 38  X    0.049792   0.000117  -0.019633   0.021484  -0.000533
  341  C 38  Y    0.003661   0.000023   0.004346  -0.004304  -0.000239
  342  C 38  Z    0.097805  -0.000144  -0.029136   0.032305  -0.000257
  343  C 38  S    0.008470  -0.000069  -0.017782   0.029271   0.000987
  344  C 38  X    0.059251   0.002153  -0.020955   0.028978  -0.006231
  345  C 38  Y    0.010152   0.000593  -0.003782   0.004922  -0.001951
  346  C 38  Z    0.117795  -0.001069  -0.040945   0.055413   0.001832
  347  C 39  S    0.000613   0.000003  -0.001103   0.001434  -0.000013
  348  C 39  S   -0.000549   0.000022   0.000901  -0.000991  -0.000080
  349  C 39  X   -0.037312   0.000052   0.005038   0.000907  -0.000079
  350  C 39  Y   -0.003529  -0.000009  -0.003017   0.004148   0.000093
  351  C 39  Z   -0.076682   0.000131   0.008777   0.002818   0.000059
  352  C 39  S   -0.005315  -0.000568   0.008830  -0.013029   0.001718
  353  C 39  X   -0.046543  -0.000895   0.005149   0.004436   0.002269
  354  C 39  Y   -0.002655   0.000029  -0.007483   0.011870  -0.000037
  355  C 39  Z   -0.095369   0.000573   0.011735   0.006955  -0.000944
  356  C 40  S   -0.000018   0.000008   0.000009   0.000005  -0.000036
  357  C 40  S   -0.000059  -0.000056  -0.000011   0.000015   0.000150
  358  C 40  X   -0.075985   0.000104   0.016247  -0.017711   0.000164
  359  C 40  Y   -0.010705   0.000056   0.002345  -0.002539  -0.000032
  360  C 40  Z   -0.159381   0.000142   0.034141  -0.036846   0.000454
  361  C 40  S    0.000608   0.000972   0.000254  -0.000433  -0.002122
  362  C 40  X   -0.096668   0.000037   0.020846  -0.027090   0.000607
  363  C 40  Y   -0.014615  -0.000366   0.003254  -0.003774   0.001300
  364  C 40  Z   -0.204991   0.000280   0.049741  -0.064118   0.000616
  365  C 41  S   -0.000497  -0.000015   0.001038  -0.001373  -0.000003
  366  C 41  S    0.000452   0.000039  -0.000793   0.000887  -0.000066
  367  C 41  X   -0.039493  -0.000017   0.004941   0.001138  -0.000119
  368  C 41  Y   -0.008102  -0.000083   0.004118  -0.003581   0.000075
  369  C 41  Z   -0.080770   0.000028   0.008839   0.002956  -0.000323
  370  C 41  S    0.002688  -0.000363  -0.008737   0.014471   0.001295
  371  C 41  X   -0.047576   0.000628   0.005071   0.004962  -0.001785
  372  C 41  Y   -0.010895   0.000056   0.009003  -0.011202  -0.000421
  373  C 41  Z   -0.098738  -0.000284   0.010741   0.008979   0.000041
  374  C 42  S    0.001457   0.000064  -0.002756   0.003476  -0.000149
  375  C 42  S   -0.001673  -0.000088   0.002474  -0.002570   0.000162
  376  C 42  X    0.047766  -0.000013  -0.018915   0.020426  -0.000023
  377  C 42  Y    0.011286   0.000154  -0.008904   0.009428  -0.000217
  378  C 42  Z    0.090864  -0.000194  -0.027457   0.030526  -0.000154
  379  C 42  S   -0.005279   0.000303   0.017256  -0.030774  -0.000038
  380  C 42  X    0.054222  -0.001471  -0.021967   0.031251   0.003434
  381  C 42  Y    0.008935   0.000378  -0.001851   0.001212  -0.001382
  382  C 42  Z    0.110069   0.000453  -0.039120   0.052345  -0.001805
  383  C 43  S   -0.000076  -0.000009  -0.000003   0.000018   0.000037
  384  C 43  S    0.000019   0.000015   0.000028  -0.000020  -0.000029
  385  C 43  X    0.021377  -0.000019  -0.003565   0.002128  -0.000006
  386  C 43  Y    0.002753  -0.000053  -0.000475   0.000290   0.000114
  387  C 43  Z    0.043846  -0.000037  -0.006437   0.003430  -0.000007
  388  C 43  S    0.000901   0.000071  -0.000096  -0.000232  -0.000515
  389  C 43  X    0.023497   0.000016  -0.003477   0.000310  -0.000043
  390  C 43  Y    0.002929  -0.000077  -0.000455   0.000121   0.000329
  391  C 43  Z    0.048450  -0.000055  -0.006437  -0.000104   0.000186
  392  H 44  S    0.000070   0.000107   0.000084  -0.000033  -0.000078
  393  H 44  S   -0.000964   0.000063   0.000357   0.000057  -0.000026
  394  H 45  S    0.000281   0.000003   0.000021  -0.000013  -0.000059
  395  H 45  S    0.000326  -0.000021  -0.000002  -0.000001  -0.000206
  396  H 46  S   -0.000003   0.000010  -0.000027  -0.000006   0.000067
  397  H 46  S    0.000079  -0.000046  -0.000085  -0.000075   0.000195
  398  H 47  S   -0.000620   0.000045   0.000121  -0.000009   0.000064
  399  H 47  S   -0.000418   0.000067   0.000070  -0.000247  -0.000298
  400  H 48  S    0.000982   0.000302  -0.000175  -0.000013  -0.000008
  401  H 48  S    0.001111  -0.001308  -0.000444   0.000429  -0.002377
  402  H 49  S   -0.003822  -0.000032   0.000269   0.000457   0.000130
  403  H 49  S    0.000565   0.000165   0.000953  -0.001337  -0.000659
  404  H 50  S   -0.001228  -0.000372   0.000090   0.000075   0.000047
  405  H 50  S   -0.000969   0.000395   0.000864   0.000936   0.000710
  406  H 51  S    0.003539  -0.000183   0.000018   0.000120   0.000125
  407  H 51  S   -0.003280   0.000176  -0.000701   0.002747  -0.000570
  408  H 52  S    0.000605  -0.000020   0.000065  -0.000035  -0.000010
  409  H 52  S    0.000326  -0.000036   0.000038  -0.000481   0.000960
  410  H 53  S    0.000057  -0.000034  -0.000011   0.000002  -0.000051
  411  H 53  S   -0.000010  -0.000023   0.000007  -0.000086  -0.000138
  412  H 54  S   -0.000279   0.000022   0.000016  -0.000030   0.000117
  413  H 54  S   -0.000368   0.000099  -0.000030  -0.000026   0.000421
  414  H 55  S   -0.000101   0.000008   0.000057  -0.000029   0.000033
  415  H 55  S    0.000714  -0.000037   0.000166   0.000145   0.000050
  416  H 56  S    0.002052   0.000010   0.000520   0.002438  -0.000078
  417  H 56  S    0.004937   0.000361  -0.002415   0.000267   0.000783
  418  H 57  S    0.000656  -0.000012   0.000165   0.000440  -0.000077
  419  H 57  S    0.000958   0.000169  -0.000029   0.000590   0.000252
  420  H 58  S    0.000779   0.000048  -0.001046  -0.001409   0.000106
  421  H 58  S   -0.000035   0.000098   0.001372   0.002239   0.000108
  422  H 59  S   -0.003411  -0.000127   0.002714   0.002247  -0.000110
  423  H 59  S   -0.005784  -0.000034   0.006143   0.008354  -0.000069
  424  H 60  S    0.001339   0.000161  -0.001114  -0.001043   0.000163
  425  H 60  S    0.001445   0.000582  -0.001956  -0.002521   0.001367
  426  H 61  S   -0.002696   0.000030   0.001977   0.001912  -0.000012
  427  H 61  S   -0.004851  -0.000203   0.005403   0.007883  -0.000616
  428  H 62  S    0.001227  -0.000318  -0.000815  -0.001227  -0.000215
  429  H 62  S    0.001180   0.001348  -0.004913  -0.006974   0.004989
  430  H 63  S    0.000779   0.000055  -0.000829  -0.000895   0.000102
  431  H 63  S   -0.000641  -0.000297   0.002570   0.004738  -0.000203
  432  H 64  S    0.000796  -0.000020  -0.000736  -0.000861   0.000115
  433  H 64  S    0.000519   0.000065   0.000087   0.000257  -0.000002
  434  H 65  S    0.000866  -0.000132  -0.000347  -0.000133  -0.000128
  435  H 65  S    0.001678  -0.000244  -0.002306  -0.003952  -0.000598
  436  H 66  S   -0.002426   0.000276   0.002044   0.001987   0.000080
  437  H 66  S   -0.003299   0.000477   0.002719   0.002838  -0.000083
  438  H 67  S    0.001494  -0.000303  -0.001633  -0.001091  -0.000241
  439  H 67  S    0.000763  -0.000358   0.000761   0.003286  -0.001273
  440  H 68  S   -0.000971   0.000009  -0.000958  -0.002132   0.000002
  441  H 68  S   -0.001736   0.000118  -0.001687  -0.006870  -0.000088
  442  H 69  S   -0.002429   0.000795   0.004099   0.003978   0.000737
  443  H 69  S    0.002860  -0.004832  -0.011813  -0.017344  -0.012182
  444  H 70  S   -0.003543   0.000183   0.001030  -0.000721   0.000108
  445  H 70  S   -0.005531   0.000139   0.000435  -0.004632   0.000274
  446  H 71  S   -0.002974   0.000064   0.001691   0.000723   0.000229
  447  H 71  S   -0.004348   0.000072   0.003589   0.002447  -0.000692
  448  H 72  S    0.002860   0.001063  -0.004080  -0.002658   0.000950
  449  H 72  S   -0.001498  -0.006051   0.007045   0.008023  -0.011893
  450  H 73  S    0.002234  -0.000398   0.000962   0.001888  -0.000290
  451  H 73  S    0.003256  -0.000698   0.002920   0.007605  -0.001675
  452  H 74  S   -0.001349   0.000039   0.000576   0.000482   0.000051
  453  H 74  S   -0.001539   0.000202  -0.000050  -0.001203   0.000381
  454  H 75  S    0.007062  -0.000135  -0.005599  -0.004618   0.000078
  455  H 75  S    0.011359  -0.000217  -0.011038  -0.013504  -0.000086
  456  H 76  S   -0.002243  -0.000122   0.001764   0.001699  -0.000175
  457  H 76  S   -0.001903  -0.000002   0.000595  -0.000169  -0.000633
  458  H 77  S    0.000547  -0.000183  -0.001415   0.001917   0.000195
  459  H 77  S   -0.000546   0.002142   0.004869  -0.007251  -0.006925
  460  H 78  S    0.000788   0.000001  -0.001432   0.001335  -0.000002
  461  H 78  S    0.001006  -0.000327  -0.002695   0.003596   0.000585
  462  H 79  S   -0.001283  -0.000057   0.001458  -0.001336   0.000035
  463  H 79  S   -0.001804  -0.000309   0.002457  -0.003338   0.000537
  464  H 80  S   -0.000317  -0.000080   0.001151  -0.001760   0.000063
  465  H 80  S    0.001838   0.001236  -0.003764   0.005303  -0.003871
  466  H 81  S   -0.000231  -0.000007   0.000344  -0.000417   0.000005
  467  H 81  S   -0.000480   0.000038   0.000536  -0.000599  -0.000078
  468  H 82  S   -0.044659   0.000036   0.008152  -0.008089   0.000110
  469  H 82  S   -0.061294   0.000049   0.013561  -0.019951   0.000476
  470  H 83  S    0.044919  -0.000049  -0.008545   0.008578  -0.000087
  471  H 83  S    0.061492  -0.000081  -0.014062   0.020665  -0.000305

